20171122154514 1219.8
20171123142404 1221.0
20171129183645 1220.4
20171130185120 1219.0
20171202080204 1219.0
20171207134715 1219.7
20171211104905 1213.9
20171212135221 1219.7
20171220154810 1220.2
20171221155516 1220.0
20171222154513 1219.3
20171223184124 1220.1
20180211073810 1213.7
20180211231631 1213.9
20180226134554 1214.1
20180228231355 1214.0
20180302073416 1213.8
20180303071102 1213.6
20180304071318 1213.7
20180305091407 1213.7
20180306091241 1213.6
20180309110601 1214.0
20180309231714 1213.2
20180311063013 1212.9
20180312075005 1212.9
20180312231346 1213.2
20180314073344 1213.4
20180315070841 1206.5
20180316072430 1213.1
20180320065814 1212.9
20180321071108 1212.7
20180322075836 1213.7
20180322231023 1213.5
20180324063216 1213.4
20180325070455 1191.9
20180326073838 1213.5
20180401073716 1209.3
20180401231655 1209.3
20180403070950 1210.0
20180404071738 1208.6
20180405071732 1208.5
20180406071007 1207.9
20180407070916 1208.7
20180408070920 1208.2
20180409072754 1208.6
20180410071224 1208.8
20180411091922 1208.1
20180412092820 1208.3
20180413080119 1208.2
20180413231255 1208.3
20180415074015 1208.2
20180416071159 1209.8
20180417071040 1209.1
20180418071003 1209.1
20180419074150 1208.4
20180419231639 1209.7
20180421071153 1209.7
20180422074338 1209.1
20180423070554 1208.7
20180424070909 1208.9
20180425071435 1209.2
20180426110640 1208.9
20180427074810 1209.4
20180427233145 1209.1
20180428212312 1209.2
20180429210253 1208.9
20180501073444 1208.6
20180501230903 -1000.0
20180503145140 1208.9
20180504164116 1209.4
20180505205944 1208.1
20180506212357 1208.5
20180508110311 1208.3
20180510153332 1208.5
20180511163855 1208.5
20180513154759 1208.3
20180514184543 1208.8
20180516073327 1208.4
20180516234645 1208.6
20180518073116 1206.2
20180518231517 1205.8
20180520071041 1206.3
20180522144348 1206.2
20180523153959 1206.6
20180525184436 1207.5
20180526154105 1206.8
20180527164334 1206.8
20180528154713 1206.7
20180529185526 1206.7
20180601154918 1207.0
20180602183150 1206.8
20180604073503 1206.5
20180605105343 1207.0
20180606133344 1206.9
20180607152052 1206.2
20180608150534 1206.5
20180609145950 1206.7
20180610150113 1206.6
20180611164854 1207.1
20180612183627 1206.4
20180614074236 1206.7
20180615105616 1206.6
20180616132743 1206.3
20180618114107 1206.8
20180618231538 1206.5
20180624154920 1203.3
20180625183641 1203.5
20180627073841 1203.4
20180628105046 1203.2
20180629133639 1203.0
20180710100500 1203.0
20180711092633 1203.5
20180713183741 1201.7
20180715073843 1199.9
20180715231755 1203.8
20180717071123 1204.1
20180718104809 1203.3
20180719155811 1198.7
20180720191101 1202.6
20180722070750 1203.1
20180723133815 1203.7
20180724151016 1203.9
20180727070251 1202.5
20180729100540 1204.1
20180730074649 1204.0
20180731092531 1203.7
20180801110736 1203.8
20180802135109 1203.4
20180804073623 1203.3
20180805091523 1203.6
20180806074244 1202.9
20180807101750 1203.1
20180808151417 1203.7
20180809154214 1203.5
20180810152624 1203.7
20180812165926 1203.4
20180813171959 1203.0
20180816184828 1202.8
20180817210905 1202.7
20180819073603 1202.7
20180820091700 1202.5
20180821133203 1203.3
20180824070227 1202.6
20180825071054 1202.7
20180826074743 1202.7
20180826232911 1202.9
20180827211138 1202.8
20180828212316 1203.0
20180829214504 1202.3
20180831073028 1202.3
20180831232527 1201.5
20180902070353 1202.5
20180904091545 1203.0
20180904231404 1202.3
20180905182004 1212.4
20180909232445 1201.7
20180911140534 1202.4
20180912165312 1202.3
20180913183716 1202.6
20180916031336 1202.6
20180917071438 1202.0
20180918071317 1202.0
20180920160902 1202.7
20180921153944 1203.0
20180922155505 1201.8
20180923184806 1202.3
20180925161055 1202.1
20180926145522 1202.2
20180928164246 1202.6
20180929183548 1202.2
20181001073512 1201.9
20181002070458 1201.9
20181004135623 1202.0
20181009070214 1201.4
20181009230942 1202.8
20181011070329 1201.7
20181012065322 1202.0
20181013071600 1202.4
20181014072227 1202.0
20181015070412 1201.8
20181016070912 1201.8
20181026092622 1201.6
20181026232147 1201.4
20181028073651 1200.0
20181029105927 1202.0
20181030103648 1201.6
20181031135237 1201.6
20181101161808 1202.0
20181102164707 1201.5
20181103184111 1201.6
20181104154007 1201.5
20181105164138 1201.4
20181106183744 1201.1
20181108154856 1200.9
20181109185534 1200.5
20181119135335 1200.7
20181120135457 1201.0
20181121214615 1200.4
20181122124554 1200.8
20181218183342 1201.2
20181220233253 1200.5
20181222073106 1200.3
20181222230722 1201.0
20181224073009 1202.6
20181224231113 1202.9
20181226073443 1203.0
20181226231444 1202.7
20181228072604 1202.2
20181228231410 1202.2
20181230074743 1202.6
20181230231752 1202.2
20190101072957 1202.1
20190101232042 1201.8
20190103074252 1202.8
20190103231221 1202.0
20190105073854 1202.2
20190105231345 1202.5
20190107073056 1202.0
20190108070547 1201.5
20190109070203 1202.5
20190110074703 1202.3
20190111092329 1201.7
20190112070502 1202.3
20190113075753 1202.3
20190114074111 1202.0
20190115091538 1201.8
20190116091512 1201.8
20190117104256 1201.9
20190118095133 1202.2
20190119091358 1202.2
20190120091928 1200.3
20190120232615 1201.9
20190121183224 1202.3
20190130230900 1201.9
20190202103252 1201.3
20190204161437 1201.7
20190210134650 1201.7
20190212155730 1202.2
20190214154037 1201.9
20190216155721 1202.2
20190217171009 1202.3
20190220155350 1202.3
20190221183333 1201.8
20190223071316 1201.9
20190224091342 1201.8
20190225160329 1202.1
20190226183133 1202.1
20190228074146 1201.4
20190301133957 1202.2
20190304103350 1201.9
20190305103436 1202.2
20190306103252 1201.9
20190307135024 1202.7
20190310225738 1202.6
20190320091518 1201.7
20190321232345 1202.0
20190323060813 1202.0
20190324073216 1201.9
20190325103304 1201.5
20190401182818 1202.2
20190409070349 1194.0
20190416182113 1193.9
20190418091303 1193.7
20190419104122 1194.2
20190420102945 1193.5
20190421134741 1193.6
20190422164317 1193.7
20190425155606 1194.2
20190426145042 1194.0
20190427164343 1194.4
20190429154633 1194.5
20190430153826 1194.0
20190501164613 1194.3
20190502185517 1194.3
20190505182907 1193.9
20190507072309 1193.5
20190508104149 1193.1
20190509111026 1194.4
20190510091935 1193.3
20190511103705 1193.5
20190512091718 1193.8
20190513091408 1193.9
20190514103703 1194.1
20190515135113 1193.5
20190516160910 1193.6
20190522072505 1194.4
20190522232317 1194.0
20190524075221 1193.5
20190524232546 1193.5
20190526072530 1193.6
20190527091607 1193.7
20190528103406 1193.9
20190529134630 1193.8
20190530160613 1193.9
20190608164201 1194.8
20190609161935 1193.0
20190610163932 1193.1
20190611183137 1192.9
20190614161315 1192.7
20190615183243 1192.6
20190617072425 1192.4
20190617234008 1192.4
20190618194119 1192.6
20190620071226 1191.8
20190621071157 1192.6
20190622070416 1192.7
20190622232155 1192.5
20190625071841 1193.0
20190626103531 1192.9
20190627135300 1192.5
20190628163947 1192.4
20190629145717 1192.6
20190630164024 1193.1
20190701211321 1192.9
20190704161310 1192.9
20190705183046 1192.9
20190706154118 1193.6
20190707165615 1192.8
20190708172905 1192.9
20190711232305 1192.3
20190712211250 1192.8
20190714064734 1191.7
20190714231509 1192.0
20190715205639 1192.5
20190717062504 1192.8
20190718092501 1192.5
20190719091847 1192.1
20190720093541 1192.8
20190721072352 1191.4
20190722140619 1191.8
20190723135955 1192.6
20190724154148 1192.0
20190725165747 1191.7
20190726172939 1191.8
20190730151254 1191.2
20190731154237 1192.4
20190801183415 1192.3
20190804060803 1191.9
20190805080438 1191.7
20190806070334 1191.3
20190807094625 1191.9
20190808073054 1192.0
20190809105026 1191.5
20190813092742 1191.8
20190814093154 1191.8
20190815093819 1191.7
20190816093740 1192.2
20190817070726 1191.8
20190818092515 1191.3
20190819071343 1190.9
20190820105212 1191.5
20190821134140 1191.4
20190822162448 1191.3
20190823191709 1190.9
20190824173519 1191.4
20190825174104 1191.5
20190826170158 1191.0
20190827165125 1192.1
20190828171613 1191.6
20190829184150 1191.3
20190830172236 1191.5
20190831173723 1191.4
20190901172330 1191.9
20190904061928 1191.5
20190913093146 1191.3
20190914104629 1191.1
20190915135143 1190.8
20190917171230 1191.2
20190918183205 1191.0
20190922172220 1191.5
20190925170119 1190.5
